dane = [
#Bezchmurne - bc (98 99 w ascii) 
#Lekki deszcz - lk (108 107 w ascii )
#Słonecznie - sl (115 108 w ascii)
#Zachmurzenie - zc (122 99 w ascii)
#Śnieg - sn ( 115 110 w ascii)
#Deszcz - ds (100 115 w ascii)

#Lato-1
#Wiosna-2
#Jesień-3
#Zima-4

#tak-1
#nie-0


#Data    Godzina   pora roku  temperatura   wilgotność średnia temperatura w miesiącu     pogoda w ascii     odczuwalna temperatura       czy lubie ciepło      na ile ustawiłem
# |         |         |           |            |              |                                   |                |                               |                     |
#\ /       \ /       \ /         \ /          \ /            \ /                                 \ /              \ /                             \ /                   \ /
[708,     1415,       2,          29,          55,            29,                               9899,             32,                              0,                   24            ],
[312,1230,1,18,62,16, 108107 ,17,1,20],
[1228,1645,4,-1,70,-4, 12299 ,-3,1,25],
[519,1510,1,24,60,20, 115108 ,26,0,22],
[1003,1455,3,16,65,13, 12299 ,15,0,19],
[225,1140,4,-4,75,-6, 115110 ,-8,1,25],
[815,1025,2,26,58,25, 9899 ,28,0,20],
[430,1335,1,21,63,18, 108107 ,20,0,19],
[124,955,4,-2,70,-4, 12299 ,-5,0,22],
[1103,1550,3,13,68,11, 100115 ,12,1,21],
[627,1705,2,30,55,26, 115108 ,32,0,20],
[910,1420,3,17,62,17, 12299 ,18,0,20],
[319,1240,1,17,65,16, 9899 ,18,0,18],
[1215,935,4,-3,70,-4, 115110 ,-6,1,25],
[808,1600,2,27,60,25, 108107 ,28,1,22],
[406,1115,1,20,62,18, 12299 ,22,0,19],
[130,1410,4,-1,68,-4, 108107 ,-3,0,23],
[1125,1730,3,12,65,11,12299,11,0,20],
[602,1355,2,25,60,26,9899,26,0,18],
[917,1545,3,18,63,17,115108,20,1,20],
[210,1040,4,-4,68,-6,115110,-7,1,24],
[1210,1635,4,-2,70,-4,108107,-4,1,0,20],
[531,1220,1,23,62,20,9899,26,0,19],
[1023,1425,3,15,65,13,12299,16,0,20],
[306,1115,1,19,62,16,115108,20,0,18],
[712,1055,2,27,60,29,9899,30,1,24],
[128,1405,4,-3,70,-4,108107,-4,1,22],
[1118,1550,3,13,68,11,100115,12,0,20],
[615,1340,2,25,60,26,115108,28,1,25],
[922,1625,3,17,63,17,12299,18,1,23],
[403,1010,1,18,65,18,9899,20,1,20],
[828,1115,2,28,58,25,9899,30,0,22],
[222,1500,4,-5,70,-6,108107,-7,1,25],
[1205,1450,4,-1,68,-4,12299,-3,0,22],
[508,1730,1,21,65,20,100115,19,1,22],
[1015,1245,3,16,68,14,12299,16,1,23],
[331,920,1,17,62,16,115108,18,1,21],
[703,1610,2,28,55,29,115108,30,0,19],
[218,1140,4,-3,70,-6,108107,-6,1,24],
[1220,1555,4,-2,68,-4,12299,-4,1,22],
[524,1640,1,23,60,20,9899,26,0,19],
[1030,1425,3,15,65,13,108107,15,0,20],
[326,1015,1,16,65,16,100115,14,0,21],
[723,1150,2,29,55,28,115108,32,0,17],
[118,1320,4,-4,68,-4,12299,-6,1,24],
[1110,1710,3,11,70,11,12299,10,1,22],
[620,1245,2,27,58,26,108107,28,0,20],
[915,1610,3,17,63,17,115108,18,1,21],
[412,1125,1,19,62,18,9899,20,0,20],
[831,1500,2,27,60,25,9899,30,1,21],
[214,1405,4,-2,68,-6,108107,-5,1,23],
[1225,1620,4,0,70,-4,115110,-3,1,26],
[515,1035,1,22,65,20,12299,24,0,20],
[1027,1230,3,14,68,13,100115,14,1,22],
[322,1530,1,18,62,16,9899,19,0,20],
[730,1345,2,30,55,29,115108,33,1,21],
[115,1140,4,-5,70,-4,108107,-7,1,24],
[1105,1455,3,12,70,11,12299,11,0,21],
[610,1600,2,28,58,26,9899,31,0,19],
[907,1255,3,18,63,17,115108,20,0,20],
[424,1020,1,20,62,18,9899,21,1,22],
[812,1505,2,26,60,25,108107,28,1,23],
[206,1720,4,-6,70,-6,115110,-8,1,26],
[1201,1235,4,-2,68,-4,12299,-4,1,24],
[504,1540,1,21,65,20,100115,20,1,22],
[1019,1050,3,15,65,13,108107,15,0,20],
[317,1615,1,17,62,16,115108,18,0,20],
[718,1445,2,29,55,29,9899,32,0,18],
[105,1300,4,-6,68,-4,12299,-8,1,25],
[1128,1745,3,11,70,11,12299,10,1,23]
]
